%+++++++++++++++++++++++++++++++++++++++++++++++++++++++++++++++++++++++++%
%                                                                         %
%   - Name : Aerodynamics DataBase                                        %
%   - Table of Aerodynamics Data                                          %
%                                                                         %
%                                                                         %
%                                                                         %
%+++++++++++++++++++++++++++++++++++++++++++++++++++++++++++++++++++++++++%
%.. Mach Table and Alpha Tables    

    Mach      =       [ 0.6000    0.8500    0.9500    1.0500    1.2000    1.6000    2.0000    2.4000    2.8000    3.2000    3.6000    4.0000    4.5000    5.0000 ] ;                                         
    
    Alpha     =       [ 0     3     6    10    15    20    25    30    35    40    45    50    60    75    90 ]' ;                                                        
       
%.. Axial Force Coefficient Tables

    ca0       =       [ 0.3430    0.5380    0.6850    0.8320    0.8090    0.7420    0.7400    0.7390    0.7280    0.7110    0.6970    0.6850    0.6750    0.6650 ] ;  
    
    caa       =       [ -0.0168   -0.0226   -0.0245   -0.0288   -0.0290   -0.0070   -0.0065   -0.0061   -0.0056   -0.0052   -0.0048   -0.0046   -0.0043   -0.0041 ] ;
    
    cad       =       [ 0.0058    0.0102    0.0110    0.0144    0.0134    0.0085    0.0064    0.0051    0.0043    0.0038    0.0034    0.0030    0.0026    0.0024 ] ;
    
    caoff     =       [ 0.0940    0.0910    0.1070    0.1440    0.1330    0.1190    0.1010    0.0850    0.0720    0.0600    0.0520    0.0450    0.0420    0.0380 ] ;
    
%.. Side Force Coefficient Tables
    
    cyp       =       [ 0   -0.0170   -0.1220   -0.1710   -0.3830   -0.4890   -0.5070   -0.5060   -0.4790   -0.4750   -0.4770   -0.4110    0.1950    1.7840    2.8330
                              0   -0.0190   -0.1200   -0.1870   -0.4350   -0.6100   -0.7190   -0.8360   -0.8930   -0.9100   -0.8230   -0.6540    0.2040    2.4200    3.5110
                              0   -0.0200   -0.1230   -0.1970   -0.4670   -0.6800   -0.8490   -1.0000   -1.0840   -1.1020   -0.9880   -0.7740    0.2110    2.7660    3.8980
                              0   -0.0250   -0.1440   -0.2510   -0.6060   -0.9170   -1.1960   -1.4470   -1.5870   -1.6100   -1.4650   -1.1720    0.1310    3.5530    4.9330
                              0   -0.0250   -0.1200   -0.2440   -0.5900   -0.9290   -1.2590   -1.5440   -1.6900   -1.6940   -1.5260   -1.2030    0.0890    3.4670    4.7470
                              0   -0.0120   -0.0430   -0.1780   -0.4300   -0.6610   -0.8830   -1.0350   -1.0760   -1.0020   -0.8500   -0.6280    0.0540    1.9600    2.8190
                              0   -0.0060   -0.0180   -0.1730   -0.4120   -0.5940   -0.7330   -0.8480   -0.9440   -1.0130   -1.0270   -0.8740   -0.3600    1.4870    2.8960
                              0   -0.0040   -0.0150   -0.1370   -0.3300   -0.4880   -0.6260   -0.7490   -0.8470   -0.9250   -0.9770   -0.8500   -0.4030    1.2590    3.0010
                              0   -0.0030   -0.0120   -0.1140   -0.2760   -0.4200   -0.5530   -0.6920   -0.8170   -0.9090   -0.9530   -0.8420   -0.3730    1.0840    3.1310
                              0   -0.0020   -0.0110   -0.0990   -0.2390   -0.3690   -0.4990   -0.6370   -0.7790   -0.8980   -0.9490   -0.8300   -0.3350    1.0540    2.8360
                              0   -0.0020   -0.0120   -0.0880   -0.2120   -0.3320   -0.4580   -0.5960   -0.7370   -0.8780   -0.9390   -0.8170   -0.3200    0.9650    2.8120
                              0   -0.0020   -0.0220   -0.0790   -0.1910   -0.3030   -0.4250   -0.5570   -0.6990   -0.8390   -0.9220   -0.8000   -0.3300    0.8630    2.9130
                              0   -0.0010   -0.0220   -0.0720   -0.1740   -0.2800   -0.4000   -0.5310   -0.6800   -0.8230   -0.9250   -0.7930   -0.3050    0.8260    2.8120
                              0   -0.0010   -0.0220   -0.0670   -0.1610   -0.2650   -0.3800   -0.5170   -0.6670   -0.8160   -0.9280   -0.7880   -0.2800    0.7730    2.8000 ] ;
    
    cydr      =       [ 0.1370    0.1340    0.1390    0.1530    0.1630    0.1470    0.1110    0.1020    0.0670    0.0550    0.0570    0.0470    0.0520    0.0220    0.0220
                              0.1570    0.1530    0.1590    0.1750    0.1870    0.1760    0.1490    0.1420    0.1140    0.1020    0.1010    0.0880    0.0740    0.0210    0.0220
                              0.1690    0.1650    0.1710    0.1880    0.2010    0.1930    0.1690    0.1640    0.1390    0.1270    0.1240    0.1090    0.0850    0.0220    0.0220
                              0.2120    0.2080    0.2150    0.2360    0.2520    0.2460    0.2240    0.2200    0.1960    0.1810    0.1750    0.1540    0.1140    0.0250    0.0260
                              0.1870    0.1830    0.1900    0.2060    0.2190    0.2190    0.2100    0.2100    0.1990    0.1880    0.1790    0.1590    0.1110    0.0190    0.0200
                              0.1120    0.1120    0.1130    0.1170    0.1200    0.1180    0.1150    0.1090    0.1010    0.0920    0.0820    0.0690    0.0420    0.0180    0.0190
                              0.0820    0.0820    0.0830    0.0860    0.0900    0.0910    0.0890    0.0880    0.0860    0.0840    0.0770    0.0680    0.0540    0.0220    0.0230
                              0.0640    0.0640    0.0650    0.0670    0.0700    0.0730    0.0770    0.0740    0.0740    0.0730    0.0740    0.0680    0.0600    0.0320    0.0330
                              0.0530    0.0530    0.0540    0.0550    0.0580    0.0600    0.0640    0.0690    0.0680    0.0670    0.0690    0.0710    0.0560    0.0460    0.0470
                              0.0450    0.0450    0.0460    0.0470    0.0490    0.0520    0.0560    0.0610    0.0650    0.0630    0.0640    0.0680    0.0580    0.0360    0.0360
                              0.0390    0.0390    0.0400    0.0410    0.0430    0.0460    0.0500    0.0540    0.0620    0.0610    0.0610    0.0640    0.0570    0.0380    0.0380
                              0.0350    0.0350    0.0350    0.0370    0.0390    0.0420    0.0450    0.0500    0.0560    0.0610    0.0590    0.0620    0.0580    0.0440    0.0440
                              0.0310    0.0310    0.0310    0.0330    0.0340    0.0380    0.0420    0.0470    0.0520    0.0630    0.0580    0.0600    0.0580    0.0410    0.0420
                              0.0280    0.0270    0.0280    0.0290    0.0310    0.0350    0.0390    0.0440    0.0500    0.0630    0.0580    0.0580    0.0580    0.0430    0.0440 ];
